0, 2, 8, 3, 1, 5, 6, 7, 4, 9,10,11,12,13,14,15

//******************************************************************************
//
// 2x2 block number assignment (i.e. which bits are set in the 2x2 block)
// 
// 2x2
// 00  10  01  11  00  10  01  11  00  10  01  11  00  10  01  11
// 00  00  00  00  10  10  10  10  01  01  01  01  11  11  11  11
// 
// Number
// 0    1   2   3   4   5   6   7   8   9  10  11  12  13  14  15
// 
//******************************************************************************